    0  -90      4.700000
    0  -85      4.664156
    0  -80      4.654330
    0  -75      4.718070
    0  -70      4.800000
    0  -65      4.900000
    0  -60      5.000000
    0  -55      5.116734
    0  -50      5.300000
    0  -45      5.687993
    0  -40      6.060294
    0  -35      6.511847
    0  -30      6.998018
    0  -25      7.600000
    0  -20      8.000000
    0  -15      8.541132
    0  -10      9.231618
    0   -5      9.950000
    0    0     10.459560
    0    5     10.700000
    0   10     10.200000
    0   15      9.231316
    0   20      8.570468
    0   25      8.057683
    0   30      7.466968
    0   35      6.879181
    0   40      6.261847
    0   45      5.579827
    0   50      5.000000
    0   55      4.650000
    0   60      4.425457
    0   65      4.282920
    0   70      4.200000
    0   75      4.119512
    0   80      4.094959
    0   85      4.141245
    0   90      4.250000
    5  -90      4.700000
    5  -85      4.665935
    5  -80      4.657735
    5  -75      4.685715
    5  -70      4.781035
    5  -65      4.870222
    5  -60      4.999875
    5  -55      5.153239
    5  -50      5.396445
    5  -45      5.673614
    5  -40      6.034357
    5  -35      6.470944
    5  -30      6.890956
    5  -25      7.450000
    5  -20      7.800000
    5  -15      8.200000
    5  -10      8.793933
    5   -5      9.500000
    5    0     10.050000
    5    5     10.300000
    5   10     10.100000
    5   15      9.500000
    5   20      8.850000
    5   25      8.084839
    5   30      7.490961
    5   35      6.768539
    5   40      6.200000
    5   45      5.485235
    5   50      4.970000
    5   55      4.624526
    5   60      4.327500
    5   65      4.204277
    5   70      4.167140
    5   75      4.110803
    5   80      4.095925
    5   85      4.141752
    5   90      4.250000
   10  -90      4.700000
   10  -85      4.667569
   10  -80      4.660552
   10  -75      4.654593
   10  -70      4.739183
   10  -65      4.843055
   10  -60      4.979284
   10  -55      5.139706
   10  -50      5.373528
   10  -45      5.644009
   10  -40      5.983900
   10  -35      6.365735
   10  -30      6.734871
   10  -25      7.246364
   10  -20      7.634535
   10  -15      8.068725
   10  -10      8.683334
   10   -5      9.150000
   10    0      9.600000
   10    5      9.800000
   10   10      9.800000
   10   15      9.300000
   10   20      8.590520
   10   25      7.961808
   10   30      7.444041
   10   35      6.680698
   10   40      6.165308
   10   45      5.485075
   10   50      4.930846
   10   55      4.527180
   10   60      4.242130
   10   65      4.137592
   10   70      4.138083
   10   75      4.091764
   10   80      4.098350
   10   85      4.143040
   10   90      4.250000
   15  -90      4.700000
   15  -85      4.669065
   15  -80      4.662809
   15  -75      4.624619
   15  -70      4.698593
   15  -65      4.821770
   15  -60      4.953347
   15  -55      5.116713
   15  -50      5.332860
   15  -45      5.586074
   15  -40      5.898101
   15  -35      6.229682
   15  -30      6.580112
   15  -25      6.995702
   15  -20      7.436448
   15  -15      7.873670
   15  -10      8.341671
   15   -5      8.615440
   15    0      8.800000
   15    5      8.930000
   15   10      9.000000
   15   15      8.600000
   15   20      8.226019
   15   25      7.700000
   15   30      7.250000
   15   35      6.634264
   15   40      6.050000
   15   45      5.441767
   15   50      4.930000
   15   55      4.506159
   15   60      4.173446
   15   65      4.085746
   15   70      4.113796
   15   75      4.076844
   15   80      4.102214
   15   85      4.145099
   15   90      4.250000
   20  -90      4.700000
   20  -85      4.670434
   20  -80      4.664552
   20  -75      4.595657
   20  -70      4.659040
   20  -65      4.771924
   20  -60      4.930644
   20  -55      5.090037
   20  -50      5.279082
   20  -45      5.500048
   20  -40      5.781772
   20  -35      6.113354
   20  -30      6.464862
   20  -25      6.848621
   20  -20      7.157498
   20  -15      7.505994
   20  -10      7.900000
   20   -5      8.000000
   20    0      8.060000
   20    5      8.100000
   20   10      8.000000
   20   15      7.900000
   20   20      7.650000
   20   25      7.300000
   20   30      6.900000
   20   35      6.242411
   20   40      5.795726
   20   45      5.299878
   20   50      4.839426
   20   55      4.435985
   20   60      4.124790
   20   65      4.051036
   20   70      4.095173
   20   75      4.066537
   20   80      4.107488
   20   85      4.147912
   20   90      4.250000
   25  -90      4.700000
   25  -85      4.671692
   25  -80      4.665842
   25  -75      4.567530
   25  -70      4.620233
   25  -65      4.719532
   25  -60      4.867194
   25  -55      5.019234
   25  -50      5.171804
   25  -45      5.353495
   25  -40      5.649178
   25  -35      5.956316
   25  -30      6.322121
   25  -25      6.629214
   25  -20      6.844827
   25  -15      7.200000
   25  -10      7.350000
   25   -5      7.350000
   25    0      7.320000
   25    5      7.270000
   25   10      7.220000
   25   15      7.050000
   25   20      6.900000
   25   25      6.541298
   25   30      6.327229
   25   35      5.803942
   25   40      5.540000
   25   45      5.091537
   25   50      4.723616
   25   55      4.357203
   25   60      4.098525
   25   65      4.035048
   25   70      4.083000
   25   75      4.061261
   25   80      4.114128
   25   85      4.151460
   25   90      4.250000
   30  -90      4.700000
   30  -85      4.672856
   30  -80      4.666754
   30  -75      4.540031
   30  -70      4.581837
   30  -65      4.666805
   30  -60      4.795094
   30  -55      4.908265
   30  -50      5.041273
   30  -45      5.198978
   30  -40      5.480293
   30  -35      5.755627
   30  -30      6.060000
   30  -25      6.324651
   30  -20      6.450000
   30  -15      6.600000
   30  -10      6.470000
   30   -5      6.320000
   30    0      6.170000
   30    5      6.120000
   30   10      6.090000
   30   15      6.100000
   30   20      6.100000
   30   25      5.950000
   30   30      5.766968
   30   35      5.421409
   30   40      5.230000
   30   45      4.915551
   30   50      4.580846
   30   55      4.274753
   30   60      4.095898
   30   65      4.038565
   30   70      4.077909
   30   75      4.061331
   30   80      4.122078
   30   85      4.155712
   30   90      4.250000
   35  -90      4.700000
   35  -85      4.673946
   35  -80      4.667375
   35  -75      4.542892
   35  -70      4.586387
   35  -65      4.666942
   35  -60      4.766779
   35  -55      4.856754
   35  -50      4.967867
   35  -45      5.099441
   35  -40      5.334912
   35  -35      5.650000
   35  -30      5.900000
   35  -25      6.070000
   35  -20      6.136104
   35  -15      6.143721
   35  -10      6.050000
   35   -5      5.869130
   35    0      5.700000
   35    5      5.620000
   35   10      5.600000
   35   15      5.560000
   35   20      5.600000
   35   25      5.550000
   35   30      5.486768
   35   35      5.270038
   35   40      5.040000
   35   45      4.760512
   35   50      4.465862
   35   55      4.248384
   35   60      4.081293
   35   65      4.031799
   35   70      4.056572
   35   75      4.049124
   35   80      4.119383
   35   85      4.154693
   35   90      4.250000
   40  -90      4.700000
   40  -85      4.674988
   40  -80      4.667800
   40  -75      4.534562
   40  -70      4.582106
   40  -65      4.647939
   40  -60      4.732145
   40  -55      4.803586
   40  -50      4.892767
   40  -45      4.998554
   40  -40      5.162334
   40  -35      5.310000
   40  -30      5.500000
   40  -25      5.650000
   40  -20      5.763103
   40  -15      5.830000
   40  -10      5.800000
   40   -5      5.500000
   40    0      5.400000
   40    5      5.330000
   40   10      5.320000
   40   15      5.320000
   40   20      5.350000
   40   25      5.350000
   40   30      5.192032
   40   35      5.060000
   40   40      4.900000
   40   45      4.690000
   40   50      4.440130
   40   55      4.235979
   40   60      4.089244
   40   65      4.043579
   40   70      4.043015
   40   75      4.042555
   40   80      4.117858
   40   85      4.154308
   40   90      4.250000
   45  -90      4.700000
   45  -85      4.676003
   45  -80      4.668129
   45  -75      4.526034
   45  -70      4.567020
   45  -65      4.624128
   45  -60      4.697171
   45  -55      4.750306
   45  -50      4.818109
   45  -45      4.899157
   45  -40      4.991208
   45  -35      5.120475
   45  -30      5.162560
   45  -25      5.203837
   45  -20      5.248497
   45  -15      5.391622
   45  -10      5.500000
   45   -5      5.347772
   45    0      5.280000
   45    5      5.250000
   45   10      5.250000
   45   15      5.290000
   45   20      5.280000
   45   25      5.150000
   45   30      4.900000
   45   35      4.809143
   45   40      4.749089
   45   45      4.605228
   45   50      4.427168
   45   55      4.246045
   45   60      4.104528
   45   65      4.072229
   45   70      4.037256
   45   75      4.041577
   45   80      4.117417
   45   85      4.154513
   45   90      4.250000
   50  -90      4.700000
   50  -85      4.677021
   50  -80      4.668467
   50  -75      4.517546
   50  -70      4.552060
   50  -65      4.600634
   50  -60      4.662879
   50  -55      4.698341
   50  -50      4.745788
   50  -45      4.803659
   50  -40      4.850000
   50  -35      4.900000
   50  -30      4.909081
   50  -25      4.910000
   50  -20      4.910052
   50  -15      4.975022
   50  -10      5.040709
   50   -5      5.132844
   50    0      5.190000
   50    5      5.230000
   50   10      5.263159
   50   15      5.308132
   50   20      5.223410
   50   25      5.086779
   50   30      4.840303
   50   35      4.674709
   50   40      4.580709
   50   45      4.496950
   50   50      4.367919
   50   55      4.275483
   50   60      4.123058
   50   65      4.070499
   50   70      4.039092
   50   75      4.046016
   50   80      4.117972
   50   85      4.155264
   50   90      4.250000
   55  -90      4.700000
   55  -85      4.678063
   55  -80      4.668913
   55  -75      4.509327
   55  -70      4.537640
   55  -65      4.578107
   55  -60      4.630209
   55  -55      4.648961
   55  -50      4.677432
   55  -45      4.680000
   55  -40      4.680000
   55  -35      4.690000
   55  -30      4.700000
   55  -25      4.660000
   55  -20      4.646077
   55  -15      4.700000
   55  -10      4.796077
   55   -5      4.880000
   55    0      5.000000
   55    5      5.140000
   55   10      5.223913
   55   15      5.280197
   55   20      5.182383
   55   25      5.070709
   55   30      4.799472
   55   35      4.610000
   55   40      4.480000
   55   45      4.371795
   55   50      4.289368
   55   55      4.272786
   55   60      4.098705
   55   65      4.060837
   55   70      4.048105
   55   75      4.055569
   55   80      4.119423
   55   85      4.156505
   55   90      4.250000
   60  -90      4.700000
   60  -85      4.679155
   60  -80      4.669568
   60  -75      4.501597
   60  -70      4.524146
   60  -65      4.557146
   60  -60      4.600000
   60  -55      4.603267
   60  -50      4.570000
   60  -45      4.540000
   60  -40      4.500000
   60  -35      4.500000
   60  -30      4.520000
   60  -25      4.501710
   60  -20      4.476260
   60  -15      4.559268
   60  -10      4.584868
   60   -5      4.661160
   60    0      4.830000
   60    5      5.000000
   60   10      5.118630
   60   15      5.200000
   60   20      5.143866
   60   25      5.075965
   60   30      4.823177
   60   35      4.571080
   60   40      4.420000
   60   45      4.340000
   60   50      4.270000
   60   55      4.180000
   60   60      4.100000
   60   65      4.046844
   60   70      4.063672
   60   75      4.069814
   60   80      4.121666
   60   85      4.158183
   60   90      4.250000
   65  -90      4.700000
   65  -85      4.680322
   65  -80      4.670520
   65  -75      4.502639
   65  -70      4.522704
   65  -65      4.551746
   65  -60      4.589138
   65  -55      4.570000
   65  -50      4.550000
   65  -45      4.470000
   65  -40      4.430000
   65  -35      4.410000
   65  -30      4.400000
   65  -25      4.370761
   65  -20      4.318904
   65  -15      4.377648
   65  -10      4.483812
   65   -5      4.554809
   65    0      4.700000
   65    5      4.880000
   65   10      5.072343
   65   15      5.172847
   65   20      5.103457
   65   25      5.024094
   65   30      4.810000
   65   35      4.570000
   65   40      4.410000
   65   45      4.340000
   65   50      4.300000
   65   55      4.270654
   65   60      4.120000
   65   65      4.082421
   65   70      4.099279
   65   75      4.112983
   65   80      4.141093
   65   85      4.168491
   65   90      4.250000
   70  -90      4.700000
   70  -85      4.681582
   70  -80      4.671854
   70  -75      4.504551
   70  -70      4.522848
   70  -65      4.548898
   70  -60      4.584654
   70  -55      4.536603
   70  -50      4.520000
   70  -45      4.460000
   70  -40      4.380000
   70  -35      4.350000
   70  -30      4.320000
   70  -25      4.321716
   70  -20      4.270000
   70  -15      4.303243
   70  -10      4.370000
   70   -5      4.498863
   70    0      4.564029
   70    5      4.807507
   70   10      5.055864
   70   15      5.173234
   70   20      5.087746
   70   25      4.993749
   70   30      4.816670
   70   35      4.592612
   70   40      4.437499
   70   45      4.367154
   70   50      4.366436
   70   55      4.308100
   70   60      4.158843
   70   65      4.125479
   70   70      4.135673
   70   75      4.155110
   70   80      4.161096
   70   85      4.179117
   70   90      4.250000
   75  -90      4.700000
   75  -85      4.682954
   75  -80      4.673637
   75  -75      4.507487
   75  -70      4.524837
   75  -65      4.548980
   75  -60      4.562236
   75  -55      4.560000
   75  -50      4.500000
   75  -45      4.420000
   75  -40      4.350000
   75  -35      4.320000
   75  -30      4.260000
   75  -25      4.250761
   75  -20      4.210071
   75  -15      4.240000
   75  -10      4.263948
   75   -5      4.450000
   75    0      4.552714
   75    5      4.820876
   75   10      5.067647
   75   15      5.200000
   75   20      5.096010
   75   25      5.001401
   75   30      4.909723
   75   35      4.720161
   75   40      4.539588
   75   45      4.460811
   75   50      4.449406
   75   55      4.354408
   75   60      4.212666
   75   65      4.174959
   75   70      4.177010
   75   75      4.185977
   75   80      4.181561
   75   85      4.189999
   75   90      4.250000
   80  -90      4.700000
   80  -85      4.684453
   80  -80      4.675928
   80  -75      4.511569
   80  -70      4.528874
   80  -65      4.552284
   80  -60      4.600070
   80  -55      4.580000
   80  -50      4.520000
   80  -45      4.450000
   80  -40      4.380000
   80  -35      4.340000
   80  -30      4.260000
   80  -25      4.260000
   80  -20      4.207877
   80  -15      4.230000
   80  -10      4.300000
   80   -5      4.400000
   80    0      4.573144
   80    5      4.877664
   80   10      5.077552
   80   15      5.208850
   80   20      5.130382
   80   25      5.078797
   80   30      4.983582
   80   35      4.830000
   80   40      4.680000
   80   45      4.564809
   80   50      4.467179
   80   55      4.372276
   80   60      4.272644
   80   65      4.229646
   80   70      4.222455
   80   75      4.205860
   80   80      4.191987
   80   85      4.201072
   80   90      4.250000
   85  -90      4.700000
   85  -85      4.686088
   85  -80      4.678766
   85  -75      4.516887
   85  -70      4.535109
   85  -65      4.559022
   85  -60      4.609269
   85  -55      4.620000
   85  -50      4.600000
   85  -45      4.520000
   85  -40      4.450000
   85  -35      4.380000
   85  -30      4.300000
   85  -25      4.320000
   85  -20      4.250000
   85  -15      4.270000
   85  -10      4.320000
   85   -5      4.500000
   85    0      4.660000
   85    5      4.966355
   85   10      5.200000
   85   15      5.242337
   85   20      5.206037
   85   25      5.152979
   85   30      5.050861
   85   35      4.928210
   85   40      4.759047
   85   45      4.574414
   85   50      4.476154
   85   55      4.380350
   85   60      4.288056
   85   65      4.269827
   85   70      4.254075
   85   75      4.217008
   85   80      4.200064
   85   85      4.209680
   85   90      4.250000
   90  -90      4.700000
   90  -85      4.687867
   90  -80      4.682178
   90  -75      4.523494
   90  -70      4.543631
   90  -65      4.569321
   90  -60      4.618858
   90  -55      4.638984
   90  -50      4.645555
   90  -45      4.600000
   90  -40      4.540000
   90  -35      4.450000
   90  -30      4.380000
   90  -25      4.350000
   90  -20      4.320000
   90  -15      4.350000
   90  -10      4.430000
   90   -5      4.600000
   90    0      4.800000
   90    5      5.050000
   90   10      5.350000
   90   15      5.300000
   90   20      5.300000
   90   25      5.211560
   90   30      5.100000
   90   35      4.972680
   90   40      4.797364
   90   45      4.595104
   90   50      4.494022
   90   55      4.395310
   90   60      4.300000
   90   65      4.288083
   90   70      4.269722
   90   75      4.229425
   90   80      4.208715
   90   85      4.214148
   90   90      4.250000
   95  -90      4.700000
   95  -85      4.689792
   95  -80      4.686173
   95  -75      4.533554
   95  -70      4.557331
   95  -65      4.586800
   95  -60      4.633625
   95  -55      4.662881
   95  -50      4.669874
   95  -45      4.680000
   95  -40      4.680000
   95  -35      4.580000
   95  -30      4.500000
   95  -25      4.450000
   95  -20      4.470000
   95  -15      4.528809
   95  -10      4.616079
   95   -5      4.800000
   95    0      5.020000
   95    5      5.270000
   95   10      5.550000
   95   15      5.567472
   95   20      5.528259
   95   25      5.397424
   95   30      5.217528
   95   35      5.080986
   95   40      4.897935
   95   45      4.699414
   95   50      4.587265
   95   55      4.477572
   95   60      4.371389
   95   65      4.355020
   95   70      4.323769
   95   75      4.270229
   95   80      4.236016
   95   85      4.227801
   95   90      4.250000
  100  -90      4.700000
  100  -85      4.691860
  100  -80      4.690742
  100  -75      4.544903
  100  -70      4.573318
  100  -65      4.607839
  100  -60      4.650456
  100  -55      4.689990
  100  -50      4.722735
  100  -45      4.780000
  100  -40      4.750000
  100  -35      4.700000
  100  -30      4.650000
  100  -25      4.650000
  100  -20      4.700000
  100  -15      4.800000
  100  -10      4.900229
  100   -5      5.100000
  100    0      5.320000
  100    5      5.600000
  100   10      5.800000
  100   15      5.800000
  100   20      5.711665
  100   25      5.567687
  100   30      5.316916
  100   35      5.172117
  100   40      4.985108
  100   45      4.814809
  100   50      4.689402
  100   55      4.566720
  100   60      4.447878
  100   65      4.425297
  100   70      4.379938
  100   75      4.312213
  100   80      4.263830
  100   85      4.240794
  100   90      4.250000
  105  -90      4.700000
  105  -85      4.694065
  105  -80      4.695859
  105  -75      4.557487
  105  -70      4.591503
  105  -65      4.632313
  105  -60      4.679307
  105  -55      4.729241
  105  -50      4.783581
  105  -45      4.841124
  105  -40      4.844103
  105  -35      4.870000
  105  -30      4.900000
  105  -25      4.970000
  105  -20      5.050000
  105  -15      5.150000
  105  -10      5.350000
  105   -5      5.550000
  105    0      5.800000
  105    5      6.030000
  105   10      6.100148
  105   15      6.000000
  105   20      5.900000
  105   25      5.616760
  105   30      5.409723
  105   35      5.257155
  105   40      5.083782
  105   45      4.941124
  105   50      4.800248
  105   55      4.662574
  105   60      4.529307
  105   65      4.498735
  105   70      4.438095
  105   75      4.355285
  105   80      4.292102
  105   85      4.248354
  105   90      4.250000
  110  -90      4.700000
  110  -85      4.696397
  110  -80      4.701483
  110  -75      4.571218
  110  -70      4.611737
  110  -65      4.660010
  110  -60      4.715409
  110  -55      4.781493
  110  -50      4.852818
  110  -45      4.928068
  110  -40      4.890827
  110  -35      4.883729
  110  -30      4.970000
  110  -25      5.150000
  110  -20      5.300000
  110  -15      5.550000
  110  -10      5.770000
  110   -5      6.000000
  110    0      6.250000
  110    5      6.380000
  110   10      6.407491
  110   15      6.300000
  110   20      6.130000
  110   25      5.897024
  110   30      5.579723
  110   35      5.400000
  110   40      5.256329
  110   45      5.088214
  110   50      4.919485
  110   55      4.775750
  110   60      4.625355
  110   65      4.575080
  110   70      4.498047
  110   75      4.399314
  110   80      4.318500
  110   85      4.255964
  110   90      4.250000
  115  -90      4.700000
  115  -85      4.698840
  115  -80      4.707557
  115  -75      4.585972
  115  -70      4.633815
  115  -65      4.690636
  115  -60      4.755805
  115  -55      4.839700
  115  -50      4.929972
  115  -45      4.996323
  115  -40      4.895894
  115  -35      4.848418
  115  -30      4.920000
  115  -25      5.123943
  115  -20      5.382496
  115  -15      5.743616
  115  -10      6.210000
  115   -5      6.540000
  115    0      6.730000
  115    5      6.800000
  115   10      6.660000
  115   15      6.530000
  115   20      6.350000
  115   25      6.102870
  115   30      5.810032
  115   35      5.628728
  115   40      5.441237
  115   45      5.273747
  115   50      5.118251
  115   55      4.946373
  115   60      4.769740
  115   65      4.681083
  115   70      4.559547
  115   75      4.444147
  115   80      4.335342
  115   85      4.263653
  115   90      4.250000
  120  -90      4.700000
  120  -85      4.701378
  120  -80      4.714012
  120  -75      4.601597
  120  -70      4.657480
  120  -65      4.723813
  120  -60      4.800000
  120  -55      4.903267
  120  -50      5.014392
  120  -45      5.036535
  120  -40      4.954742
  120  -35      4.921693
  120  -30      4.966845
  120  -25      5.262016
  120  -20      5.638125
  120  -15      6.210000
  120  -10      6.570000
  120   -5      6.930000
  120    0      7.020000
  120    5      6.910000
  120   10      6.800000
  120   15      6.700000
  120   20      6.530000
  120   25      6.328363
  120   30      6.056670
  120   35      5.849695
  120   40      5.695660
  120   45      5.543038
  120   50      5.330415
  120   55      5.125861
  120   60      4.915396
  120   65      4.797195
  120   70      4.634141
  120   75      4.487712
  120   80      4.352288
  120   85      4.271454
  120   90      4.250000
  125  -90      4.700000
  125  -85      4.703989
  125  -80      4.720766
  125  -75      4.675994
  125  -70      4.759862
  125  -65      4.855886
  125  -60      4.963543
  125  -55      5.076739
  125  -50      5.199654
  125  -45      5.192436
  125  -40      5.146820
  125  -35      5.129092
  125  -30      5.191844
  125  -25      5.440783
  125  -20      5.771106
  125  -15      6.186982
  125  -10      6.640000
  125   -5      6.800000
  125    0      6.860000
  125    5      6.770268
  125   10      6.749928
  125   15      6.700000
  125   20      6.605539
  125   25      6.397601
  125   30      6.190000
  125   35      6.036085
  125   40      5.932563
  125   45      5.768166
  125   50      5.564187
  125   55      5.276400
  125   60      5.059434
  125   65      4.911229
  125   70      4.725009
  125   75      4.516692
  125   80      4.369217
  125   85      4.279315
  125   90      4.250000
  130  -90      4.700000
  130  -85      4.706650
  130  -80      4.727726
  130  -75      4.750879
  130  -70      4.863172
  130  -65      4.989522
  130  -60      5.129547
  130  -55      5.253897
  130  -50      5.390233
  130  -45      5.383877
  130  -40      5.400218
  130  -35      5.409940
  130  -30      5.450000
  130  -25      5.709049
  130  -20      5.992945
  130  -15      6.319757
  130  -10      6.660000
  130   -5      6.646806
  130    0      6.740000
  130    5      6.603553
  130   10      6.593520
  130   15      6.540000
  130   20      6.600000
  130   25      6.520000
  130   30      6.337409
  130   35      6.282509
  130   40      6.178177
  130   45      6.003937
  130   50      5.770003
  130   55      5.481435
  130   60      5.199968
  130   65      5.021869
  130   70      4.812621
  130   75      4.545764
  130   80      4.386363
  130   85      4.287349
  130   90      4.250000
  135  -90      4.700000
  135  -85      4.709337
  135  -80      4.734796
  135  -75      4.826035
  135  -70      4.967020
  135  -65      5.124128
  135  -60      5.297172
  135  -55      5.433639
  135  -50      5.584775
  135  -45      5.561735
  135  -40      5.522219
  135  -35      5.470452
  135  -30      5.680286
  135  -25      5.949347
  135  -20      6.248164
  135  -15      6.491940
  135  -10      6.675828
  135   -5      6.656246
  135    0      6.700000
  135    5      6.500000
  135   10      6.430000
  135   15      6.500000
  135   20      6.600000
  135   25      6.680000
  135   30      6.547062
  135   35      6.508515
  135   40      6.400000
  135   45      6.215274
  135   50      5.961204
  135   55      5.666009
  135   60      5.334668
  135   65      5.127453
  135   70      4.881404
  135   75      4.574990
  135   80      4.403783
  135   85      4.295589
  135   90      4.250000
  140  -90      4.700000
  140  -85      4.712025
  140  -80      4.741874
  140  -75      4.901228
  140  -70      5.070995
  140  -65      5.259050
  140  -60      5.465478
  140  -55      5.614697
  140  -50      5.781656
  140  -45      5.712373
  140  -40      5.678337
  140  -35      5.724156
  140  -30      5.865141
  140  -25      6.052950
  140  -20      6.350983
  140  -15      6.509135
  140  -10      6.614466
  140   -5      6.625074
  140    0      6.700000
  140    5      6.530000
  140   10      6.440000
  140   15      6.430000
  140   20      6.500000
  140   25      6.621830
  140   30      6.754373
  140   35      6.683963
  140   40      6.584520
  140   45      6.381985
  140   50      6.125537
  140   55      5.822021
  140   60      5.461352
  140   65      5.226443
  140   70      4.940697
  140   75      4.604441
  140   80      4.421541
  140   85      4.304066
  140   90      4.250000
  145  -90      4.700000
  145  -85      4.714687
  145  -80      4.748856
  145  -75      4.976226
  145  -70      5.174666
  145  -65      5.393600
  145  -60      5.633446
  145  -55      5.795643
  145  -50      5.978978
  145  -45      5.945872
  145  -40      5.940494
  145  -35      6.036834
  145  -30      6.129103
  145  -25      6.310524
  145  -20      6.605592
  145  -15      6.648937
  145  -10      6.642353
  145   -5      6.651577
  145    0      6.740000
  145    5      6.680000
  145   10      6.500000
  145   15      6.566206
  145   20      6.570000
  145   25      6.670000
  145   30      6.900000
  145   35      6.826505
  145   40      6.695716
  145   45      6.481501
  145   50      6.094867
  145   55      5.933166
  145   60      5.578065
  145   65      5.317484
  145   70      4.994415
  145   75      4.634193
  145   80      4.439702
  145   85      4.312807
  145   90      4.250000
  150  -90      4.700000
  150  -85      4.717300
  150  -80      4.755643
  150  -75      5.050793
  150  -70      5.277604
  150  -65      5.527071
  150  -60      5.800000
  150  -55      5.974931
  150  -50      6.174606
  150  -45      6.254988
  150  -40      6.322564
  150  -35      6.373729
  150  -30      6.470786
  150  -25      6.620122
  150  -20      6.900000
  150  -15      6.817333
  150  -10      6.779120
  150   -5      6.766326
  150    0      6.820000
  150    5      6.760000
  150   10      6.750000
  150   15      6.653389
  150   20      6.630000
  150   25      6.777924
  150   30      7.015965
  150   35      6.929163
  150   40      6.772846
  150   45      6.560523
  150   50      6.071088
  150   55      6.000277
  150   60      5.683156
  150   65      5.399794
  150   70      5.050786
  150   75      4.664326
  150   80      4.458328
  150   85      4.321840
  150   90      4.250000
  155  -90      4.700000
  155  -85      4.719841
  155  -80      4.762138
  155  -75      5.040207
  155  -70      5.266721
  155  -65      5.517931
  155  -60      5.795053
  155  -55      5.966456
  155  -50      6.166249
  155  -45      6.269901
  155  -40      6.385988
  155  -35      6.573069
  155  -30      6.705703
  155  -25      6.894132
  155  -20      6.979175
  155  -15      6.897136
  155  -10      6.893974
  155   -5      6.924943
  155    0      6.850000
  155    5      6.908421
  155   10      7.050000
  155   15      6.960043
  155   20      6.915077
  155   25      7.051707
  155   30      7.142722
  155   35      6.991014
  155   40      6.783049
  155   45      6.560909
  155   50      6.101415
  155   55      6.021157
  155   60      5.769928
  155   65      5.457999
  155   70      5.093466
  155   75      4.685418
  155   80      4.471143
  155   85      4.328023
  155   90      4.250000
  160  -90      4.700000
  160  -85      4.722287
  160  -80      4.768256
  160  -75      5.028764
  160  -70      5.254296
  160  -65      5.506351
  160  -60      5.786551
  160  -55      5.953101
  160  -50      6.151515
  160  -45      6.311063
  160  -40      6.409185
  160  -35      6.532937
  160  -30      6.740000
  160  -25      6.899762
  160  -20      7.041499
  160  -15      7.020369
  160  -10      7.049601
  160   -5      7.135386
  160    0      7.070000
  160    5      7.120000
  160   10      7.201869
  160   15      7.208794
  160   20      7.278328
  160   25      7.252059
  160   30      7.234052
  160   35      7.028898
  160   40      6.780910
  160   45      6.550000
  160   50      6.189610
  160   55      6.013618
  160   60      5.844025
  160   65      5.504355
  160   70      5.127673
  160   75      4.707042
  160   80      4.484537
  160   85      4.334544
  160   90      4.250000
  165  -90      4.700000
  165  -85      4.724621
  165  -80      4.773920
  165  -75      5.016283
  165  -70      5.239984
  165  -65      5.491733
  165  -60      5.773521
  165  -55      5.933352
  165  -50      6.128107
  165  -45      6.360217
  165  -40      6.474152
  165  -35      6.586479
  165  -30      6.728692
  165  -25      6.943140
  165  -20      7.104440
  165  -15      7.219883
  165  -10      7.224468
  165   -5      7.206919
  165    0      7.225930
  165    5      7.351311
  165   10      7.426073
  165   15      7.387907
  165   20      7.345860
  165   25      7.265931
  165   30      7.219562
  165   35      7.001792
  165   40      6.828894
  165   45      6.583447
  165   50      6.336169
  165   55      6.023427
  165   60      5.899003
  165   65      5.537581
  165   70      5.152684
  165   75      4.729266
  165   80      4.498554
  165   85      4.341423
  165   90      4.250000
  170  -90      4.700000
  170  -85      4.726828
  170  -80      4.779070
  170  -75      5.002618
  170  -70      5.199495
  170  -65      5.440108
  170  -60      5.746704
  170  -55      5.905891
  170  -50      6.093970
  170  -45      6.322529
  170  -40      6.514140
  170  -35      6.618532
  170  -30      6.730000
  170  -25      6.981807
  170  -20      7.184940
  170  -15      7.371555
  170  -10      7.423767
  170   -5      7.430000
  170    0      7.450000
  170    5      7.515226
  170   10      7.563025
  170   15      7.447114
  170   20      7.378417
  170   25      7.295854
  170   30      7.200000
  170   35      6.994989
  170   40      6.819870
  170   45      6.570338
  170   50      6.339276
  170   55      6.112681
  170   60      5.933609
  170   65      5.557209
  170   70      5.168296
  170   75      4.752142
  170   80      4.513233
  170   85      4.348673
  170   90      4.250000
  175  -90      4.700000
  175  -85      4.728898
  175  -80      4.783661
  175  -75      4.974478
  175  -70      5.135494
  175  -65      5.360960
  175  -60      5.656959
  175  -55      5.818349
  175  -50      6.013489
  175  -45      6.257625
  175  -40      6.461399
  175  -35      6.607224
  175  -30      6.700000
  175  -25      6.957440
  175  -20      7.252356
  175  -15      7.500000
  175  -10      7.557363
  175   -5      7.492186
  175    0      7.500000
  175    5      7.553169
  175   10      7.521846
  175   15      7.445588
  175   20      7.428017
  175   25      7.367346
  175   30      7.238397
  175   35      7.037427
  175   40      6.813781
  175   45      6.458867
  175   50      6.264866
  175   55      6.169715
  175   60      5.947975
  175   65      5.563699
  175   70      5.174880
  175   75      4.775712
  175   80      4.528604
  175   85      4.356306
  175   90      4.250000
  180  -90      4.700000
  180  -85      4.730823
  180  -80      4.787663
  180  -75      4.928892
  180  -70      5.071601
  180  -65      5.280227
  180  -60      5.533606
  180  -55      5.664896
  180  -50      5.897996
  180  -45      6.075500
  180  -40      6.237288
  180  -35      6.442286
  180  -30      6.622230
  180  -25      6.911125
  180  -20      7.207427
  180  -15      7.440398
  180  -10      7.485446
  180   -5      7.530000
  180    0      7.580000
  180    5      7.530000
  180   10      7.482707
  180   15      7.400000
  180   20      7.355559
  180   25      7.360016
  180   30      7.216346
  180   35      7.011286
  180   40      6.808880
  180   45      6.391368
  180   50      6.193755
  180   55      6.170000
  180   60      5.943663
  180   65      5.558448
  180   70      5.173375
  180   75      4.800000
  180   80      4.544682
  180   85      4.364328
  180   90      4.250000
  185  -90      4.700000
  185  -85      4.728898
  185  -80      4.783661
  185  -75      4.885611
  185  -70      5.009990
  185  -65      5.200880
  185  -60      5.403849
  185  -55      5.516716
  185  -50      5.739357
  185  -45      5.878761
  185  -40      6.017079
  185  -35      6.264439
  185  -30      6.450000
  185  -25      6.726676
  185  -20      7.127381
  185  -15      7.402635
  185  -10      7.581269
  185   -5      7.597319
  185    0      7.600000
  185    5      7.529940
  185   10      7.465198
  185   15      7.373529
  185   20      7.326926
  185   25      7.312575
  185   30      7.167547
  185   35      6.912280
  185   40      6.654173
  185   45      6.380000
  185   50      6.150000
  185   55      6.043024
  185   60      5.808288
  185   65      5.447637
  185   70      5.107092
  185   75      4.767378
  185   80      4.523047
  185   85      4.353528
  185   90      4.250000
  190  -90      4.700000
  190  -85      4.726828
  190  -80      4.779070
  190  -75      4.844664
  190  -70      4.950989
  190  -65      5.123636
  190  -60      5.231772
  190  -55      5.289657
  190  -50      5.457282
  190  -45      5.605870
  190  -40      5.753311
  190  -35      6.000000
  190  -30      6.200000
  190  -25      6.426412
  190  -20      6.758925
  190  -15      7.203679
  190  -10      7.618327
  190   -5      7.696666
  190    0      7.650000
  190    5      7.660532
  190   10      7.575360
  190   15      7.472754
  190   20      7.315289
  190   25      7.221426
  190   30      7.007593
  190   35      6.747140
  190   40      6.518431
  190   45      6.314967
  190   50      6.104722
  190   55      5.871043
  190   60      5.667551
  190   65      5.351635
  190   70      5.057053
  190   75      4.735476
  190   80      4.502122
  190   85      4.343117
  190   90      4.250000
  195  -90      4.700000
  195  -85      4.724621
  195  -80      4.773920
  195  -75      4.806742
  195  -70      4.895804
  195  -65      5.029967
  195  -60      5.058741
  195  -55      5.142099
  195  -50      5.258790
  195  -45      5.441904
  195  -40      5.609861
  195  -35      5.914525
  195  -30      6.100000
  195  -25      6.400000
  195  -20      6.697422
  195  -15      7.094037
  195  -10      7.583127
  195   -5      7.591330
  195    0      7.550000
  195    5      7.487442
  195   10      7.468814
  195   15      7.418825
  195   20      7.284111
  195   25      7.061168
  195   30      6.841406
  195   35      6.527576
  195   40      6.322479
  195   45      6.165914
  195   50      5.986056
  195   55      5.752631
  195   60      5.595098
  195   65      5.297058
  195   70      5.018147
  195   75      4.708118
  195   80      4.481887
  195   85      4.333090
  195   90      4.250000
  200  -90      4.700000
  200  -85      4.722287
  200  -80      4.768256
  200  -75      4.772466
  200  -70      4.845549
  200  -65      4.948612
  200  -60      4.946592
  200  -55      5.006349
  200  -50      5.107399
  200  -45      5.322214
  200  -40      5.535956
  200  -35      5.755668
  200  -30      5.976633
  200  -25      6.221532
  200  -20      6.600000
  200  -15      6.950000
  200  -10      7.382707
  200   -5      7.466394
  200    0      7.380000
  200    5      7.336989
  200   10      7.302707
  200   15      7.223011
  200   20      7.126267
  200   25      6.883306
  200   30      6.643270
  200   35      6.370804
  200   40      6.127201
  200   45      5.990912
  200   50      5.832266
  200   55      5.671092
  200   60      5.528595
  200   65      5.256851
  200   70      4.987030
  200   75      4.686116
  200   80      4.462315
  200   85      4.323433
  200   90      4.250000
  205  -90      4.700000
  205  -85      4.719841
  205  -80      4.762138
  205  -75      4.742364
  205  -70      4.801176
  205  -65      4.862188
  205  -60      4.886722
  205  -55      4.884162
  205  -50      5.024933
  205  -45      5.209040
  205  -40      5.440646
  205  -35      5.604774
  205  -30      5.759033
  205  -25      6.049876
  205  -20      6.414239
  205  -15      6.800000
  205  -10      7.315575
  205   -5      7.347957
  205    0      7.289639
  205    5      7.249625
  205   10      7.156617
  205   15      6.987907
  205   20      6.730979
  205   25      6.629741
  205   30      6.477225
  205   35      6.231954
  205   40      6.008490
  205   45      5.867079
  205   50      5.750000
  205   55      5.616537
  205   60      5.464816
  205   65      5.222142
  205   70      4.959392
  205   75      4.663838
  205   80      4.443366
  205   85      4.314135
  205   90      4.250000
  210  -90      4.700000
  210  -85      4.717300
  210  -80      4.755642
  210  -75      4.756699
  210  -70      4.779696
  210  -65      4.806642
  210  -60      4.800000
  210  -55      4.776642
  210  -50      4.890000
  210  -45      5.084648
  210  -40      5.309808
  210  -35      5.460000
  210  -30      5.636455
  210  -25      5.938781
  210  -20      6.303951
  210  -15      6.761901
  210  -10      7.169689
  210   -5      7.295860
  210    0      7.270103
  210    5      7.199138
  210   10      7.056700
  210   15      6.650000
  210   20      6.400000
  210   25      6.258885
  210   30      6.320000
  210   35      6.082422
  210   40      5.882034
  210   45      5.763330
  210   50      5.667204
  210   55      5.540009
  210   60      5.395239
  210   65      5.184829
  210   70      4.936788
  210   75      4.647214
  210   80      4.425011
  210   85      4.305173
  210   90      4.250000
  215  -90      4.700000
  215  -85      4.714687
  215  -80      4.748856
  215  -75      4.756611
  215  -70      4.784431
  215  -65      4.742188
  215  -60      4.706722
  215  -55      4.684163
  215  -50      4.860324
  215  -45      4.972132
  215  -40      5.156516
  215  -35      5.340565
  215  -30      5.635093
  215  -25      5.853076
  215  -20      6.254762
  215  -15      6.723549
  215  -10      7.138267
  215   -5      7.243390
  215    0      7.200000
  215    5      7.080826
  215   10      6.893665
  215   15      6.677740
  215   20      6.300000
  215   25      6.213526
  215   30      6.180000
  215   35      5.965150
  215   40      5.700000
  215   45      5.551190
  215   50      5.514380
  215   55      5.461435
  215   60      5.334378
  215   65      5.160804
  215   70      4.900000
  215   75      4.641896
  215   80      4.416248
  215   85      4.298917
  215   90      4.250000
  220  -90      4.700000
  220  -85      4.712025
  220  -80      4.741874
  220  -75      4.756094
  220  -70      4.788431
  220  -65      4.728612
  220  -60      4.726593
  220  -55      4.686348
  220  -50      4.840000
  220  -45      4.845288
  220  -40      5.000000
  220  -35      5.223879
  220  -30      5.600000
  220  -25      5.839778
  220  -20      6.235711
  220  -15      6.728448
  220  -10      7.194687
  220   -5      7.282654
  220    0      7.184577
  220    5      7.001187
  220   10      6.745246
  220   15      6.600000
  220   20      6.260000
  220   25      6.150000
  220   30      6.100000
  220   35      5.800000
  220   40      5.500000
  220   45      5.351235
  220   50      5.322342
  220   55      5.372969
  220   60      5.290000
  220   65      5.121359
  220   70      4.870000
  220   75      4.634906
  220   80      4.407734
  220   85      4.292953
  220   90      4.250000
  225  -90      4.700000
  225  -85      4.709337
  225  -80      4.734796
  225  -75      4.755379
  225  -70      4.792129
  225  -65      4.705280
  225  -60      4.708740
  225  -55      4.692099
  225  -50      4.810000
  225  -45      4.774765
  225  -40      4.894054
  225  -35      5.094135
  225  -30      5.433493
  225  -25      5.726261
  225  -20      6.154763
  225  -15      6.663956
  225  -10      7.200000
  225   -5      7.200000
  225    0      7.074899
  225    5      6.917810
  225   10      6.698498
  225   15      6.500000
  225   20      6.310000
  225   25      6.085706
  225   30      5.904554
  225   35      5.759225
  225   40      5.429121
  225   45      5.256402
  225   50      5.235760
  225   55      5.316270
  225   60      5.230000
  225   65      5.077433
  225   70      4.840000
  225   75      4.625847
  225   80      4.399336
  225   85      4.287255
  225   90      4.250000
  230  -90      4.700000
  230  -85      4.706650
  230  -80      4.727726
  230  -75      4.754703
  230  -70      4.795951
  230  -65      4.731173
  230  -60      4.701772
  230  -55      4.745215
  230  -50      4.800000
  230  -45      4.837994
  230  -40      4.834961
  230  -35      4.990207
  230  -30      5.230956
  230  -25      5.550847
  230  -20      5.976016
  230  -15      6.500000
  230  -10      6.900000
  230   -5      7.185744
  230    0      7.000000
  230    5      6.860115
  230   10      6.622767
  230   15      6.312327
  230   20      6.170000
  230   25      5.971693
  230   30      5.800401
  230   35      5.681154
  230   40      5.413400
  230   45      5.249382
  230   50      5.221959
  230   55      5.275535
  230   60      5.174908
  230   65      5.022431
  230   70      4.810000
  230   75      4.614376
  230   80      4.390924
  230   85      4.281794
  230   90      4.250000
  235  -90      4.700000
  235  -85      4.703989
  235  -80      4.720765
  235  -75      4.754297
  235  -70      4.800314
  235  -65      4.764941
  235  -60      4.723849
  235  -55      4.823721
  235  -50      4.830000
  235  -45      4.800000
  235  -40      4.776110
  235  -35      4.839086
  235  -30      5.030990
  235  -25      5.492245
  235  -20      5.915064
  235  -15      6.270000
  235  -10      6.700000
  235   -5      7.034665
  235    0      6.899649
  235    5      6.753193
  235   10      6.507232
  235   15      6.229463
  235   20      6.055711
  235   25      5.883224
  235   30      5.717754
  235   35      5.622324
  235   40      5.467229
  235   45      5.250000
  235   50      5.200000
  235   55      5.235772
  235   60      5.130000
  235   65      4.938707
  235   70      4.780000
  235   75      4.600224
  235   80      4.382375
  235   85      4.276536
  235   90      4.250000
  240  -90      4.700000
  240  -85      4.701378
  240  -80      4.714012
  240  -75      4.754380
  240  -70      4.805604
  240  -65      4.779270
  240  -60      4.762790
  240  -55      4.850000
  240  -50      4.890451
  240  -45      4.794209
  240  -40      4.739853
  240  -35      4.764793
  240  -30      4.912725
  240  -25      5.332714
  240  -20      5.650000
  240  -15      6.020000
  240  -10      6.350000
  240   -5      6.780000
  240    0      6.769364
  240    5      6.641563
  240   10      6.398694
  240   15      6.214904
  240   20      6.038608
  240   25      5.850578
  240   30      5.680355
  240   35      5.570438
  240   40      5.464577
  240   45      5.270000
  240   50      5.235000
  240   55      5.239125
  240   60      5.084944
  240   65      4.853487
  240   70      4.749046
  240   75      4.583188
  240   80      4.373572
  240   85      4.271454
  240   90      4.250000
  245  -90      4.700000
  245  -85      4.698840
  245  -80      4.707557
  245  -75      4.821930
  245  -70      4.799674
  245  -65      4.786394
  245  -60      4.781463
  245  -55      4.880000
  245  -50      4.900000
  245  -45      4.766333
  245  -40      4.605301
  245  -35      4.677214
  245  -30      4.787298
  245  -25      5.140391
  245  -20      5.502066
  245  -15      5.800000
  245  -10      6.250000
  245   -5      6.600000
  245    0      6.679936
  245    5      6.555810
  245   10      6.327810
  245   15      6.099722
  245   20      5.913517
  245   25      5.747137
  245   30      5.584355
  245   35      5.494044
  245   40      5.352956
  245   45      5.271932
  245   50      5.200000
  245   55      5.200000
  245   60      5.059877
  245   65      4.839545
  245   70      4.713801
  245   75      4.573528
  245   80      4.380901
  245   85      4.274765
  245   90      4.250000
  250  -90      4.700000
  250  -85      4.696396
  250  -80      4.701483
  250  -75      4.802342
  250  -70      4.795329
  250  -65      4.796069
  250  -60      4.803936
  250  -55      4.920000
  250  -50      4.920000
  250  -45      4.750000
  250  -40      4.580000
  250  -35      4.569712
  250  -30      4.644674
  250  -25      4.929541
  250  -20      5.244268
  250  -15      5.559865
  250  -10      6.032532
  250   -5      6.400000
  250    0      6.704790
  250    5      6.572399
  250   10      6.287908
  250   15      5.950000
  250   20      5.802242
  250   25      5.637549
  250   30      5.468289
  250   35      5.340291
  250   40      5.206743
  250   45      5.155853
  250   50      5.180000
  250   55      5.100000
  250   60      5.029348
  250   65      4.817041
  250   70      4.679668
  250   75      4.559572
  250   80      4.387776
  250   85      4.278186
  250   90      4.250000
  255  -90      4.700000
  255  -85      4.694065
  255  -80      4.695859
  255  -75      4.783779
  255  -70      4.792829
  255  -65      4.808673
  255  -60      4.830702
  255  -55      4.950000
  255  -50      4.920000
  255  -45      4.745450
  255  -40      4.568009
  255  -35      4.505166
  255  -30      4.535243
  255  -25      4.720021
  255  -20      4.963091
  255  -15      5.251801
  255  -10      5.868043
  255   -5      6.300000
  255    0      6.600000
  255    5      6.464468
  255   10      6.203577
  255   15      5.810502
  255   20      5.677782
  255   25      5.504007
  255   30      5.293818
  255   35      5.177800
  255   40      5.070539
  255   45      5.024559
  255   50      5.069967
  255   55      5.080357
  255   60      4.975454
  255   65      4.769070
  255   70      4.647830
  255   75      4.543469
  255   80      4.384509
  255   85      4.281687
  255   90      4.250000
  260  -90      4.700000
  260  -85      4.691860
  260  -80      4.690742
  260  -75      4.766361
  260  -70      4.792378
  260  -65      4.824501
  260  -60      4.862141
  260  -55      4.970000
  260  -50      4.900000
  260  -45      4.729618
  260  -40      4.570000
  260  -35      4.465325
  260  -30      4.492718
  260  -25      4.603229
  260  -20      4.753317
  260  -15      4.960225
  260  -10      5.476312
  260   -5      6.051249
  260    0      6.337689
  260    5      6.239286
  260   10      6.037370
  260   15      5.748358
  260   20      5.527997
  260   25      5.312274
  260   30      5.133582
  260   35      5.057315
  260   40      4.982750
  260   45      4.931444
  260   50      4.969171
  260   55      4.961320
  260   60      4.900000
  260   65      4.709884
  260   70      4.619261
  260   75      4.525528
  260   80      4.378763
  260   85      4.285238
  260   90      4.250000
  265  -90      4.700000
  265  -85      4.689792
  265  -80      4.686173
  265  -75      4.750178
  265  -70      4.794125
  265  -65      4.843762
  265  -60      4.898520
  265  -55      4.960000
  265  -50      4.900000
  265  -45      4.730000
  265  -40      4.576359
  265  -35      4.491316
  265  -30      4.525605
  265  -25      4.561535
  265  -20      4.638110
  265  -15      4.785501
  265  -10      5.138468
  265   -5      5.650000
  265    0      5.850000
  265    5      5.760000
  265   10      5.572933
  265   15      5.459605
  265   20      5.358727
  265   25      5.153383
  265   30      5.010580
  265   35      4.970660
  265   40      4.932197
  265   45      4.842590
  265   50      4.885422
  265   55      4.873067
  265   60      4.818805
  265   65      4.642649
  265   70      4.594676
  265   75      4.506093
  265   80      4.372868
  265   85      4.283356
  265   90      4.250000
  270  -90      4.700000
  270  -85      4.687867
  270  -80      4.682178
  270  -75      4.735285
  270  -70      4.798159
  270  -65      4.866584
  270  -60      4.940000
  270  -55      4.950000
  270  -50      4.900000
  270  -45      4.752859
  270  -40      4.553054
  270  -35      4.421357
  270  -30      4.436689
  270  -25      4.546290
  270  -20      4.539807
  270  -15      4.671777
  270  -10      4.843855
  270   -5      5.136724
  270    0      5.200000
  270    5      5.250000
  270   10      5.303902
  270   15      5.262583
  270   20      5.208859
  270   25      5.049488
  270   30      4.891796
  270   35      4.860330
  270   40      4.800565
  270   45      4.756580
  270   50      4.742830
  270   55      4.756776
  270   60      4.714437
  270   65      4.581701
  270   70      4.574512
  270   75      4.490877
  270   80      4.366879
  270   85      4.280814
  270   90      4.250000
  275  -90      4.700000
  275  -85      4.686088
  275  -80      4.678766
  275  -75      4.720000
  275  -70      4.770000
  275  -65      4.850000
  275  -60      4.950000
  275  -55      4.970000
  275  -50      4.900000
  275  -45      4.742033
  275  -40      4.617513
  275  -35      4.450000
  275  -30      4.376771
  275  -25      4.468598
  275  -20      4.530000
  275  -15      4.568598
  275  -10      4.736707
  275   -5      4.897326
  275    0      4.930000
  275    5      4.980000
  275   10      4.900000
  275   15      5.057981
  275   20      5.043987
  275   25      4.976381
  275   30      4.856480
  275   35      4.784583
  275   40      4.705248
  275   45      4.638350
  275   50      4.592882
  275   55      4.577960
  275   60      4.581765
  275   65      4.513360
  275   70      4.534988
  275   75      4.456322
  275   80      4.345623
  275   85      4.270791
  275   90      4.250000
  280  -90      4.700000
  280  -85      4.684453
  280  -80      4.675928
  280  -75      4.700000
  280  -70      4.737760
  280  -65      4.817121
  280  -60      4.940000
  280  -55      4.960000
  280  -50      4.880000
  280  -45      4.817651
  280  -40      4.669953
  280  -35      4.477474
  280  -30      4.417487
  280  -25      4.479050
  280  -20      4.476491
  280  -15      4.516833
  280  -10      4.589444
  280   -5      4.700000
  280    0      4.730000
  280    5      4.770000
  280   10      4.740000
  280   15      4.799122
  280   20      4.820899
  280   25      4.861694
  280   30      4.760670
  280   35      4.678797
  280   40      4.629857
  280   45      4.567542
  280   50      4.527061
  280   55      4.508040
  280   60      4.519239
  280   65      4.467964
  280   70      4.495543
  280   75      4.421571
  280   80      4.324382
  280   85      4.256628
  280   90      4.250000
  285  -90      4.700000
  285  -85      4.682954
  285  -80      4.673637
  285  -75      4.670000
  285  -70      4.671627
  285  -65      4.735264
  285  -60      4.900000
  285  -55      4.860000
  285  -50      4.830000
  285  -45      4.785626
  285  -40      4.652552
  285  -35      4.501316
  285  -30      4.437314
  285  -25      4.487211
  285  -20      4.547318
  285  -15      4.555501
  285  -10      4.600000
  285   -5      4.654731
  285    0      4.660000
  285    5      4.680521
  285   10      4.653602
  285   15      4.695138
  285   20      4.697795
  285   25      4.736741
  285   30      4.711467
  285   35      4.634627
  285   40      4.582970
  285   45      4.535148
  285   50      4.483740
  285   55      4.487319
  285   60      4.465749
  285   65      4.434497
  285   70      4.456655
  285   75      4.386765
  285   80      4.300275
  285   85      4.239997
  285   90      4.250000
  290  -90      4.700000
  290  -85      4.681582
  290  -80      4.671854
  290  -75      4.650000
  290  -70      4.605761
  290  -65      4.700000
  290  -60      4.880000
  290  -55      4.800000
  290  -50      4.740000
  290  -45      4.706073
  290  -40      4.620000
  290  -35      4.500000
  290  -30      4.400000
  290  -25      4.415250
  290  -20      4.549103
  290  -15      4.580000
  290  -10      4.600000
  290   -5      4.620000
  290    0      4.650000
  290    5      4.673542
  290   10      4.623233
  290   15      4.679862
  290   20      4.673542
  290   25      4.645895
  290   30      4.699691
  290   35      4.616591
  290   40      4.548643
  290   45      4.506204
  290   50      4.462138
  290   55      4.454710
  290   60      4.423208
  290   65      4.411105
  290   70      4.409528
  290   75      4.352035
  290   80      4.265657
  290   85      4.223560
  290   90      4.250000
  295  -90      4.700000
  295  -85      4.680322
  295  -80      4.670520
  295  -75      4.630000
  295  -70      4.556037
  295  -65      4.650000
  295  -60      4.800000
  295  -55      4.740000
  295  -50      4.720000
  295  -45      4.616666
  295  -40      4.570000
  295  -35      4.480000
  295  -30      4.380000
  295  -25      4.390949
  295  -20      4.528783
  295  -15      4.606657
  295  -10      4.655073
  295   -5      4.692572
  295    0      4.700000
  295    5      4.744355
  295   10      4.708917
  295   15      4.725368
  295   20      4.682119
  295   25      4.627119
  295   30      4.644387
  295   35      4.605086
  295   40      4.536683
  295   45      4.476551
  295   50      4.438626
  295   55      4.371985
  295   60      4.355037
  295   65      4.341928
  295   70      4.343701
  295   75      4.306835
  295   80      4.231090
  295   85      4.207380
  295   90      4.250000
  300  -90      4.700000
  300  -85      4.679155
  300  -80      4.669568
  300  -75      4.630000
  300  -70      4.524146
  300  -65      4.630000
  300  -60      4.780000
  300  -55      4.700000
  300  -50      4.680000
  300  -45      4.600000
  300  -40      4.550000
  300  -35      4.480000
  300  -30      4.420000
  300  -25      4.416672
  300  -20      4.545177
  300  -15      4.680000
  300  -10      4.707769
  300   -5      4.731374
  300    0      4.723407
  300    5      4.734134
  300   10      4.758874
  300   15      4.809128
  300   20      4.765541
  300   25      4.693782
  300   30      4.600000
  300   35      4.533182
  300   40      4.473174
  300   45      4.411262
  300   50      4.347303
  300   55      4.286872
  300   60      4.258203
  300   65      4.257792
  300   70      4.271966
  300   75      4.257944
  300   80      4.196748
  300   85      4.191517
  300   90      4.250000
  305  -90      4.700000
  305  -85      4.678063
  305  -80      4.668913
  305  -75      4.630000
  305  -70      4.559862
  305  -65      4.605885
  305  -60      4.750000
  305  -55      4.700000
  305  -50      4.640000
  305  -45      4.620000
  305  -40      4.530000
  305  -35      4.530000
  305  -30      4.550000
  305  -25      4.548663
  305  -20      4.660000
  305  -15      4.804951
  305  -10      4.897012
  305   -5      4.814483
  305    0      4.782893
  305    5      4.817505
  305   10      4.950511
  305   15      5.026738
  305   20      5.002894
  305   25      4.851752
  305   30      4.689773
  305   35      4.552155
  305   40      4.442759
  305   45      4.376624
  305   50      4.257997
  305   55      4.248212
  305   60      4.224950
  305   65      4.233017
  305   70      4.226504
  305   75      4.234324
  305   80      4.179302
  305   85      4.184283
  305   90      4.250000
  310  -90      4.700000
  310  -85      4.677021
  310  -80      4.668467
  310  -75      4.640000
  310  -70      4.596504
  310  -65      4.651393
  310  -60      4.700000
  310  -55      4.680000
  310  -50      4.600000
  310  -45      4.520000
  310  -40      4.500000
  310  -35      4.530000
  310  -30      4.600203
  310  -25      4.660000
  310  -20      4.800000
  310  -15      5.000000
  310  -10      5.136343
  310   -5      5.061240
  310    0      5.028784
  310    5      5.000000
  310   10      5.092082
  310   15      5.215319
  310   20      5.163795
  310   25      4.996666
  310   30      4.809216
  310   35      4.631515
  310   40      4.463760
  310   45      4.311158
  310   50      4.187422
  310   55      4.186597
  310   60      4.215622
  310   65      4.212508
  310   70      4.190380
  310   75      4.211495
  310   80      4.162433
  310   85      4.177486
  310   90      4.250000
  315  -90      4.700000
  315  -85      4.676003
  315  -80      4.668129
  315  -75      4.650000
  315  -70      4.633687
  315  -65      4.693435
  315  -60      4.727139
  315  -55      4.670000
  315  -50      4.600000
  315  -45      4.520000
  315  -40      4.520000
  315  -35      4.540730
  315  -30      4.710005
  315  -25      4.800000
  315  -20      5.000000
  315  -15      5.250000
  315  -10      5.400000
  315   -5      5.425983
  315    0      5.377853
  315    5      5.264384
  315   10      5.282956
  315   15      5.409195
  315   20      5.395735
  315   25      5.151254
  315   30      4.919628
  315   35      4.733980
  315   40      4.515788
  315   45      4.247794
  315   50      4.130000
  315   55      4.130645
  315   60      4.208059
  315   65      4.200000
  315   70      4.169397
  315   75      4.191075
  315   80      4.150752
  315   85      4.171181
  315   90      4.250000
  320  -90      4.700000
  320  -85      4.674988
  320  -80      4.667800
  320  -75      4.670000
  320  -70      4.670995
  320  -65      4.737451
  320  -60      4.760000
  320  -55      4.650000
  320  -50      4.613122
  320  -45      4.600000
  320  -40      4.565625
  320  -35      4.650237
  320  -30      4.783752
  320  -25      5.000000
  320  -20      5.200000
  320  -15      5.500000
  320  -10      5.700000
  320   -5      5.750000
  320    0      5.720000
  320    5      5.670000
  320   10      5.701859
  320   15      5.781228
  320   20      5.697635
  320   25      5.392480
  320   30      5.035482
  320   35      4.820498
  320   40      4.565231
  320   45      4.269314
  320   50      4.160000
  320   55      4.137809
  320   60      4.209485
  320   65      4.201993
  320   70      4.163875
  320   75      4.177481
  320   80      4.140080
  320   85      4.165419
  320   90      4.250000
  325  -90      4.700000
  325  -85      4.673946
  325  -80      4.667375
  325  -75      4.680000
  325  -70      4.697497
  325  -65      4.775984
  325  -60      4.791082
  325  -55      4.652438
  325  -50      4.585929
  325  -45      4.620857
  325  -40      4.698010
  325  -35      4.800000
  325  -30      4.900000
  325  -25      5.200000
  325  -20      5.420000
  325  -15      5.700000
  325  -10      6.023291
  325   -5      6.138556
  325    0      6.270000
  325    5      6.236399
  325   10      6.270000
  325   15      6.201038
  325   20      6.024388
  325   25      5.677201
  325   30      5.290511
  325   35      4.927977
  325   40      4.674561
  325   45      4.354638
  325   50      4.220000
  325   55      4.198386
  325   60      4.242525
  325   65      4.217794
  325   70      4.169020
  325   75      4.165288
  325   80      4.130494
  325   85      4.160249
  325   90      4.250000
  330  -90      4.700000
  330  -85      4.672856
  330  -80      4.666754
  330  -75      4.680000
  330  -70      4.715170
  330  -65      4.768548
  330  -60      4.811330
  330  -55      4.699048
  330  -50      4.641827
  330  -45      4.678494
  330  -40      4.743864
  330  -35      4.826439
  330  -30      5.050000
  330  -25      5.406223
  330  -20      5.779359
  330  -15      6.073311
  330  -10      6.406240
  330   -5      6.666665
  330    0      6.789924
  330    5      6.788567
  330   10      6.696199
  330   15      6.600102
  330   20      6.313624
  330   25      5.988112
  330   30      5.600000
  330   35      5.187538
  330   40      4.879535
  330   45      4.521141
  330   50      4.344362
  330   55      4.277129
  330   60      4.299969
  330   65      4.245606
  330   70      4.183790
  330   75      4.154600
  330   80      4.122078
  330   85      4.155712
  330   90      4.250000
  335  -90      4.700000
  335  -85      4.671692
  335  -80      4.665842
  335  -75      4.660000
  335  -70      4.731344
  335  -65      4.765887
  335  -60      4.822274
  335  -55      4.774571
  335  -50      4.772515
  335  -45      4.838870
  335  -40      4.910458
  335  -35      5.033970
  335  -30      5.272490
  335  -25      5.660000
  335  -20      6.150000
  335  -15      6.700000
  335  -10      7.308120
  335   -5      7.552164
  335    0      7.576480
  335    5      7.400000
  335   10      7.300000
  335   15      7.106181
  335   20      6.560000
  335   25      6.212306
  335   30      5.917072
  335   35      5.461225
  335   40      5.147212
  335   45      4.854016
  335   50      4.550000
  335   55      4.454147
  335   60      4.388218
  335   65      4.280791
  335   70      4.204992
  335   75      4.144348
  335   80      4.114128
  335   85      4.151460
  335   90      4.250000
  340  -90      4.700000
  340  -85      4.670434
  340  -80      4.664552
  340  -75      4.700000
  340  -70      4.747929
  340  -65      4.771748
  340  -60      4.836577
  340  -55      4.841456
  340  -50      4.890439
  340  -45      4.978377
  340  -40      5.106682
  340  -35      5.334517
  340  -30      5.678524
  340  -25      6.100000
  340  -20      6.700000
  340  -15      7.350000
  340  -10      8.060000
  340   -5      8.436921
  340    0      8.500000
  340    5      8.180000
  340   10      7.850000
  340   15      7.423140
  340   20      6.805750
  340   25      6.459171
  340   30      6.241052
  340   35      5.854873
  340   40      5.445123
  340   45      5.130000
  340   50      4.820000
  340   55      4.597216
  340   60      4.478926
  340   65      4.315483
  340   70      4.223089
  340   75      4.135779
  340   80      4.107488
  340   85      4.147912
  340   90      4.250000
  345  -90      4.700000
  345  -85      4.669065
  345  -80      4.662809
  345  -75      4.674619
  345  -70      4.765259
  345  -65      4.787518
  345  -60      4.863299
  345  -55      4.912573
  345  -50      4.974099
  345  -45      5.162374
  345  -40      5.346571
  345  -35      5.697075
  345  -30      6.170074
  345  -25      6.670000
  345  -20      7.280000
  345  -15      8.000000
  345  -10      8.820000
  345   -5      9.234027
  345    0      9.100000
  345    5      8.700000
  345   10      8.133976
  345   15      7.572378
  345   20      6.938236
  345   25      6.637981
  345   30      6.539030
  345   35      6.180000
  345   40      5.700000
  345   45      5.360000
  345   50      5.032078
  345   55      4.761034
  345   60      4.507540
  345   65      4.332989
  345   70      4.227711
  345   75      4.128964
  345   80      4.102214
  345   85      4.145099
  345   90      4.250000
  350  -90      4.700000
  350  -85      4.667569
  350  -80      4.660552
  350  -75      4.687926
  350  -70      4.783628
  350  -65      4.814062
  350  -60      4.904664
  350  -55      4.958200
  350  -50      5.100000
  350  -45      5.367319
  350  -40      5.622277
  350  -35      6.017073
  350  -30      6.560532
  350  -25      7.219254
  350  -20      7.826007
  350  -15      8.497621
  350  -10      9.131470
  350   -5      9.963445
  350    0     10.000000
  350    5      9.500000
  350   10      8.720000
  350   15      8.060000
  350   20      7.350000
  350   25      7.014555
  350   30      6.898277
  350   35      6.460000
  350   40      6.015037
  350   45      5.450000
  350   50      5.124651
  350   55      4.755103
  350   60      4.528172
  350   65      4.370000
  350   70      4.250000
  350   75      4.123958
  350   80      4.098350
  350   85      4.143040
  350   90      4.250000
  355  -90      4.700000
  355  -85      4.665935
  355  -80      4.657735
  355  -75      4.702382
  355  -70      4.803257
  355  -65      4.851665
  355  -60      4.960587
  355  -55      5.075558
  355  -50      5.200000
  355  -45      5.537128
  355  -40      5.890857
  355  -35      6.339481
  355  -30      6.836531
  355  -25      7.458959
  355  -20      8.080666
  355  -15      8.673481
  355  -10      9.237386
  355   -5     10.061610
  355    0     10.660880
  355    5     10.220000
  355   10      9.534086
  355   15      8.640000
  355   20      7.794962
  355   25      7.524065
  355   30      7.232841
  355   35      6.679529
  355   40      6.219162
  355   45      5.533601
  355   50      5.050000
  355   55      4.700000
  355   60      4.489968
  355   65      4.352958
  355   70      4.219572
  355   75      4.120800
  355   80      4.095925
  355   85      4.141752
  355   90      4.250000
  360  -90      4.700000
  360  -85      4.664156
  360  -80      4.654330
  360  -75      4.718070
  360  -70      4.800000
  360  -65      4.900000
  360  -60      5.000000
  360  -55      5.116734
  360  -50      5.300000
  360  -45      5.687994
  360  -40      6.060294
  360  -35      6.511847
  360  -30      6.998018
  360  -25      7.600000
  360  -20      8.000000
  360  -15      8.541132
  360  -10      9.231617
  360   -5      9.950000
  360    0     10.459560
  360    5     10.700000
  360   10     10.200000
  360   15      9.231316
  360   20      8.570468
  360   25      7.944638
  360   30      7.466968
  360   35      6.879181
  360   40      6.261846
  360   45      5.579826
  360   50      5.000000
  360   55      4.650000
  360   60      4.425457
  360   65      4.282918
  360   70      4.200000
  360   75      4.119512
  360   80      4.094959
  360   85      4.141245
  360   90      4.250000
